0
000000000000000001111111111100001111111111110011111111111110011100000001110011000000000110011000000000110010000000000110010000000000110011000000000110011100000001110011111111111110011111111111110001111111111100000000000000000
000000000000000000001111100000000111111111000000111111111100001111111111110001111000111110001100000001110011100000000110011100000000110011100000001110001100000001110001110000111110001111111111110001111111111100000000000000000
000000000000000000011111110000001111111111000011111111111100011110000111110011100000001110011000000001110011000000000110010000000000110011000000000110011000000001110011100000011110011111111111110001111111111100000000000000000
000000000000000000111111111000001111111111100001111111111100011100000001110011100000001110011000000000110011000000000110011000000000110011100000001110011100000001110001111111111110001111111111100000111111111000000000000000000
000000000000000000111111111000001111111111100001111111111100011100000001110011100000001110011000000001110011000000001110011000000001110011100000001110011110000011110001111111111100001111111111000000011111110000000000000000000

1
000000000000000001100000000000001100000000000001100000000000001100000000000001100000000000011100000000000011100000000000011111111111110011111111111110011111111111110011111111111110011111111111110011111111111110000000000000000
000000000000000001100000000000001100000000000001100000000000001100000000000001100000000000011110000000000011111111111110011111111111110011111111111110011111111111110011111111111110011111111111110011111111111110000000000000000
000000000000000001110000000000001110000000000001110000000000001110000000000011110000000000011110000000000011110000000000011111111111110011111111111110011111111111110011111111111110011111111111110011111111111110000000000000000
000000000000000000110000000000000110000000000000110000000000001110000000000001110000000000001110000000000011111001000010011111111111110011111111111110011111111111110011111111111110011111111111110011111111111110000000000000000
000000000000000000100000000000000100000000000001110000000000001110000000000001110000000000001110000000000011110000000000011111111111110011111111111110011111111111110011111111111110011111111111110011111111111110000000000000000

2
000000000000000000110000001110001110000011110001110000011110001110000111110011100000111110011000001111110011000011100110011000011100110011000111000110011101111000110001111110000110001111100000110001111100000110000000000000000
000000000000000000110000000110001110000001110001110000011110011100000011110011100000111110011100001111110011000011110110011000011100110011000111100110011100111000110011111111000110001111110000110001111100000110000000000000000
000000000000000001110000001110001110000011110011100000011110011100000111110011000001111110011000001110110011000011110010011000011100010011000111000010011000111000010011111110000010011111110000010001111100000010000000000000000
000000000000000000110000000110001110000001110011110000011110011100000111110011100000111110011000001111110011000001110110011000011100110011000111100110011100111000110011111110000110011111110000110001111100000110000000000000000
000000000000000000110000000110001110000001110001110000011110001100000111110011100000111110011000001110110011000001100110011000011100110011100111000110001100111000110001111110000110001111110000110000111100000110000000000000000

3
000000000000000001100000011000001100000011100011100000011100011000000001110011000000000110011000110000110011000110000110011000110000110011001111001110011111111011100011111111111100001111111111100000111001111000000000000000000
000000000000000000100000011000001100000011100001100000011100011100000001100011000000001100011000110000110011000110000110011000110000110011001111001110011101111001100011111111111100001111111111100000111011111000000000000000000
000000000000000000000000011000000110000011100001110000011100001110000011110011100000001110011100110001110011100110000110011000111000110011100111001110011100111001110001111111111110001111111111110000111111111100000000000000000
000000000000000001000000001000001100000001100011100000001110011100000001110011000000001110011000110000110011000110000110010001110000110011001111001110011111111001110011111111111110011111111111110001111111111100000000000000000
000000000000000001100000111100011100000011110011100000011110011000000001110011000110001110011000110001110011001110001110011001110001110011001110001110011111111111110011111111111110001111111111100001110001111000000000000000000

4
000000000000000000000011110000000000111110000000001111110000000011111110000000111111110000001111100110000011111001111000011111111111110011111111111110011111111111110011111111111110000000001111000000000000110000000000000000000
000000000000000000000000110000000000001111000000000011111000000000111111000000000111111000000001111111000000011110011000000111110011000001111000011000001111100011000011111111111110011111111111110011111111111110000000000000000
000000000000000000000001110000000000011110000000000111110000000000111110000000001111110000000011111110000000111100110000001111000110000011111000110000011111000111000011111111111110011111111111110011111111111110000000000000000
000000000000000000000000111000000000001111000000000011111000000000111111000000001111111000000011111011000000111110011000000111100011000001111100111100011111111111110011111111111110011111111111110011111111111110000000000000000
000000000000000000000001110000000000011110000000000011110000000001111110000000001111110000000011110110000000111100010000001111000010000011111100111000011111111111110011111111111110011111111111110011111111111110000000000000000

5
000000000000000011111111001000011111111011100011111111011110011101110001110011101110000110011101110000110011101110000110011101110000110011100110001110011100111001110011100111111110011000111111100001000011111000000000000000000
000000000000000011111100000000011111110001100011111110001100011101110001110011001100000110011001100000110011001100000110011001100000110011001110001110011001110011110011000111111100011000111111000010000011111000000000000000000
000000000000000011111100001000011111110001100011111110011100011101110001100011001100001100011001100000110011001100000110011001100001110011001100001100011001110011100011000111111100011000111111000011000011111000000000000000000
000000000000000011111110001100011111110001100011111110001110011001110000110011001110000110011001110000110011001110000110011001110000110011001110000110011000110001110011000111111110011000111111100011000011111100000000000000000
000000000000000011111100000000011111110011000011111110011100011111110011100011111100001100011011100001100011011100001110011011100001110011001100001110011001100001100011001110011100011000111111100010000111111000000000000000000

6
000000000000000000111111111100001111111111100001111111111100001100111001110001100111000110011000110000110011000110000110011000111000110001100111000110001100111001110001100011111100001100011111100000000001111000000000000000000
000000000000000000011111111000000111111111100001111111111110001110111001110001100111000110011100111000110011100111000110011100111000110001100111000110001100111000110001100011111110001100011111110000000001111100000000000000000
000000000000000000111111111000001111111111100001111111111100011100111001110011000111000110011000111000110011000110000110011000110000110011000110000110011000110001110011000011111110001000011111100001000011111100000000000000000
000000000000000000111111111000001111111111100001111111111100011100111001100011000110001110011000110000110011000110000110011000110000110011000110000110011000111001100001000011111100001000011111100000000001111000000000000000000
000000000000000001111111111000001111111111100011111111111110011101111011110011000110001110011000110001110010000110001110010000110001110011000110001110011000110001110011000111111110011000111111100001000011111100000000000000000

7
000000000000000010000000000000010000000111100010000011111110010000111111110010001111111110011011111111110011111111000000011111100000000011111000000000011110000000000011110000000000011100000000000011000000000000000000000000000
000000000000000010000000000000010000000011110010000001111110010000011111110010000111111110010001111111110010011111111110011111111100000011111110000000011111100000000011111000000000011110000000000011110000000000000000000000000
000000000000000011000000000000011000000000000011000000000000011000000000000011000000111110011000011111110011000111111110011001111111110011111111000000011111100000000011111000000000011110000000000011100000000000000000000000000
000000000000000011000000000000011000000000000011000000000000011000000000000011000000111110011000011111110011000111111110011101111111100011111111000000011111100000000011111000000000011110000000000011100000000000000000000000000
000000000000000011000000011110011000000111110011000011111110011000111111110011001111111110011001111111110011011111111100011111111000000011111110000000011111100000000011111000000000011110000000000011110000000000000000000000000

8
000000000000000000000001110000000111011111000001111111111100001111111111100011111111011100011001110001100011001110001110011000110001110011001110001110011001110001100011111111011100001111111111100001111111111100000000000000000
000000000000000000000000111100000111101111100001111111111110001111111111110011111111101110011100111000110011000111000110011000111000010011000111000110011100111000110011111111100110001111111111110001111111111110000000000000000
000000000000000000110001111000011111111111110011111111111110011111111001110011001110000110010001110000110010001110000110010001110000110011001110000110011111111001110011111111111110011111111111100000000001111000000000000000000
000000000000000001111001111100001111111111110011111111111110011111111001110011001111000110010000111000110010000110000110010000110000110011001111001110011111111001110011111111111110011111111111110001111011111100000000000000000
000000000000000000111001111100001111111111100001111111111110011101111001110011000111000110011000111000110011000111000110011000111000110011101111001110001111111111110001111111111100001111111111100000010001111000000000000000000

9
000000000000000000011100000000000111110000100001111110001110001110111000110001100011000110011000011000110011000011000110011000011000110001100011000110001100111001110001111111111110001111111111100000111111111000000000000000000
000000000000000000111100000000001111110000100001111110001100001100111001110011100011000110011000011000110011000011000110011000011000110001100011001110001110111011110001111111111100000111111111100000011111110000000000000000000
000000000000000001111100001100001111110001110011111111001110011100111001110011000111001110011000011000110011000011000110011000011000110011000111000110011100111001110011111111111110001111111111110001111111111100000000000000000
000000000000000000111100000000000111110000100001111110000110001111111000110001100011000110011100011000110011000011000010011000011000010011100011000110001100011000110001111111111110001111111111110000111111111100000000000000000
000000000000000000011100000000000111110000100001111110001100001110111001110001100011001110011000011000110011000011000110011000011000110001100011001110001100111001110001111111111100001111111111100000011111111000000000000000000

A
000000000000000000000000111110000000011111110000011111111100001111111111000011111110111000011111100011000011111100011000011111100011000011111111111000000111111111000000000111111100000000011111110000000000011110000000000000000
000000000000000000000000001110000000001111110000000111111110000011111111100001111111111100011111110011100011111100011100011111111011100001111111111100000011111111110000000011111110000000000111110000000000000110000000000000000
000000000000000000000000000010000000000011110000000011111110000001111111110001111111111100001111111111000011111100011000011111110011000001111111111000000111111111000000001111111100000000011111110000000000111110000000000000000
000000000000000000000000111110000000111111110000011111111100001111111111000011111111111000011111100011000011111100011000011111110111000001111111111000000011111111000000000111111100000000011111100000000000111100000000000000000
000000000000000000000000111110000000111111110000011111111110001111111111100011111111111000011111100011000011111100011000011111110011000001111111111000000111111111000000000111111100000000011111110000000000111110000000000000000

B
000000000000000011111111111110011111111111110011111111111110011111111111110011001110001110010001110001110010001110001110010001110001110011001110001110011111111011110011111111111110011111111111100000110011111000000000000000000
000000000000000011111111111100011111111111110011111111111110011101110001110011000110001110011000110001110011000110001110011000110001110011000110001110011101110001100001111111011100001111111111100001111111111000000000000000000
000000000000000001111111111110011111111111110011111111111110011111111111110011100111011110011100110001110011100110001110011100110001110011100111001110001111111001110001111111111110001111111111110000111111111100000000000000000
000000000000000011111111111100011111111111110011111111111110011011111111110010001110001110010001100001110010001100001110010001100001110011001110001110011111110001110011111111111110011111111111100000110011111000000000000000000
000000000000000011111111111110011111111111110011111111111110011000110001110011000110001110011000110001110011000110001110011000110001110011111111001110001111111011110001111111111100000111011111000000000001110000000000000000000

C
000000000000000001111111111100001111111111110011100000001110011100000000110011000000000110011000000000110011000000000110011000000000110011100000000110011100000001110001110000011110001110000011110000110000011000000000000000000
000000000000000000111111111000001111111111100001111111111100001110000001110011100000001110011000000000110011000000000110011000000000110011000000001110011100000001110011110000011110001111000011100001111000011000000000000000000
000000000000000000111111111000001111111111000001111111111100011110000111100011100000001100011100000001110011100000001110011100000001110011100000001110011100000001110001110000011100001110000111100000110000111000000000000000000
000000000000000000011111110000001111111111100001111111111110011111111111110011100000001110011100000000110011100000000110011100000000110011100000000110011100000001110011110000001110001110000011110001110000011100000000000000000
000000000000000001111111111000011111111111100011111111111100011111111111110011100000111110011000000011110011000000001110011000000001110011000000001110011000000011110011100000011110011110000111110011110000111110000000000000000

D
000000000000000011111111111110011111111111110011111111111110010000000001110010000000001110010000000000110010000000000110011000000000110011000000001110011100000001100011111111111100001111111111100000111111111000000000000000000
000000000000000000111111111110001111111111110011111111111110011111110001110011100000001110011100000001110001100000001110001100000001110001100000001110001100000011110001111111111100001111111111100000111111111000000000000000000
000000000000000011111111111110011111111111110011111111001110011000000001110011000000000110011000000000110011000000000110011000000000110011000000001110011100000001110011110000011100011111111111100001111111111100000000000000000
000000000000000001111111111110001111111111110001111111111110001000000001110001000000000110011000000000110011000000000110011000000000110001000000000110001100000001110001111000011100001111111111100000111111111000000000000000000
000000000000000011111111111100011111111111110011111000001110011000000001110010000000001110010000000001110010000000001110011000000001110011000000001110011100000001100001111111111100001111111111000000111111110000000000000000000

E
000000000000000011111111111110011111111111110011111111111110011001110000110010001110000110010000110000110010000110000110010000110000110010000110000110010000110000110010000110000110010000000000110010000000000010000000000000000
000000000000000011111111111110011111111111110011111111111110011000110000110011000110000110011000110000110011000110000110011000110000110011000110000110011000110000110011000100000110011000000000010011000000000010000000000000000
000000000000000001111111111110011111111111110011111111111110011111111100110011100111000110011100111000110011100111000110011100111000110011100111000110011100111000110011100111000110011100011000110011100000000110000000000000000
000000000000000001111111111110001111111111110001111111111110001100111000110001100011000110001100011000010001100011000110001100011000110011100011000110011100011000110011100010000010011000000000010011000000000010000000000000000
000000000000000000001111111110011111111111110011111111111110011111111000110011000110000110010000110000110010000110000110010000110000110010000110000110010000110000110010000110000110010000010000110010000000000110000000000000000

F
000000000000000001111111111110011111111111110011111111111100011000110000000011000110000000011000100000000011000110000000011000110000000011000110000000011000100000000011000100000000011000000000000011000000000000000000000000000
000000000000000011111111111110011111111111110011111111111110011000110000000011000110000000011000110000000011000110000000011000110000000010000110000000010000110000000010000110000000010000010000000011000000000000000000000000000
000000000000000011111111111110011111111111110011001110000000010000110000000010000110000000010000110000000010000110000000010000110000000010000110000000010000110000000010000110000000010000000000000010000000000000000000000000000
000000000000000011111111111110011111111111110011110111111100011100110000000011000110000000011000110000000011100110000000011100110000000011100110000000011000110000000011000110000000011000100000000011000000000000000000000000000
000000000000000011111111111110011111111111110011111111111110011001110000000010001110000000010001110000000010001110000000010001110000000010001110000000010001110000000010001110000000010000110000000010000000000000000000000000000

G
000000000000000000111111111000001111111111100001111111111100011100000001110011000000001110011000000001110011000000000110011000001001110011000011001110011100011001110011100001111100001110001111100000110001111000000000000000000
000000000000000001111111111000011111111111100011111111111100011000000001110011000000001110011000000001110011000000001110010000011001110011000011001110011000011001110011100011111100011100011111100001110011111100000000000000000
000000000000000000011111111100000111111111110001111111111110001110000001110011100000000110011100000000110011000000000110011000001000110011100001100110001100001111110001110001111110001111001111110000111001111100000000000000000
000000000000000000111111110000001111111111000011111111111100011111111111110011000000001110011000000001110011000000001110011000001001110011000011001110011100011001110011100011111110011110011111100001110011111100000000000000000
000000000000000000011111111000000111111111100001111111111110001111001111110011100000001110011000000000110011000000000110011000000000110011000001100110011100001100110001110001111110001110001111110000111001111100000000000000000

H
000000000000000011111111111110011111111111110011111111111000000001110000000000001100000000000001100000000000001100000000000001100000000000001100000000000001110000000000001110000000011111111111110011111111111110000000000000000
000000000000000011111111111110011111111111110011111111111110000001110000000000000110000000000000110000000000000110000000000000110000000000000110000000000000110000000011111111111110011111111111110011111111111110000000000000000
000000000000000011111111111110011111111111110011111111111100000000110000000000000110000000000000110000000000000110000000000000110000000000000110000000000001111111000011111111111110011111111111110011111111111100000000000000000
000000000000000011111111111110011111111111110011111111111110000000110000000000000110000000000000110000000000000110000000000000110000000000000110000000011111111000000011111111111110011111111111110000011111111110000000000000000
000000000000000011111111111110011111111111110011111111111110000000110000000000000110000000000000110000000000000110000000000000110000000000000110000000000000110000000011111111111110011111111111110011111111111110000000000000000

J
000000000000000010000000000010010000000000110011000000000110011000000000110011000000001110011111111111110011111111111110011111111111100011111110010000011000000000000011000000000000011000000000000011000000000000000000000000000
000000000000000010000000001110010000000001110010000000001110010000000001110011000000011100011111111111100011111111111000011111111110000011000000000000011000000000000010000000000000010000000000000010000000000000000000000000000
000000000000000010000000000110010000000000110010000000000110011000000001110011000000001110011111111111110011111111111110011111111111100011111100110000011000000000000011000000000000010000000000000010000000000000000000000000000
000000000000000010000000000110011000000000110011000000000110011000000001110011111000111110011111111111110011111111111110011111111111100011111111111000011000000000000011000000000000011000000000000010000000000000000000000000000
000000000000000010000000000110010000000000110010000000000110011000000001110011111111111110011111111111110011111111111100011111111111000010000000000000010000000000000010000000000000010000000000000010000000000000000000000000000

K
000000000000000011111111111110011111111111110011111111111110000001110000000000001110000000000011100000000000111110000000001111111000000001111111110000011100011111100011100000111110011000000011110010000000000110000000000000000
000000000000000011111111111110011111111111110011111111111110000111111000010000011110000000000111100000000000111110000000001111111000000011111111110000011100111111100011000001111110011000000011110010000000001110000000000000000
000000000000000011111111111100011111111111110011111111111110011111111111110000111110000000000111100000000001111100000000001111110000000011111111100000011101111110000011000011111110010000001111110000000000001110000000000000000
000000000000000011111011111110011111111111110011111111111110000111111111110000011110000000000011100000000000111100000000001111111000000011111111110000011100111111000011000001111110011000000111110010000000001110000000000000000
000000000000000011111111111110011111111111110011111111111110000011111001000000011110000000000011110000000000111111000000001111111100000011110111110000011110011111100011100000111110011000000011110010000000000110000000000000000

L
000000000000000001110111111110011111111111110011111111111110011111111111110000000000001110000000000001110000000000001110000000000001110000000000001110000000000001110000000000001110000000000001110000000000001110000000000000000
000000000000000011111111111100011111111111110011111111111110001000000001110000000000001110000000000001110000000000001110000000000001110000000000001110000000000001110000000000001110000000000001110000000000001110000000000000000
000000000000000011111111111110011111111111110001111111111110000000000001110000000000000110000000000000110000000000000110000000000000110000000000000110000000000000110000000000000110000000000000110000000000000110000000000000000
000000000000000011111111000000011111111111110011111111111110000001111111110000000000000110000000000000110000000000000110000000000000110000000000000110000000000000110000000000000110000000000000110000000000000110000000000000000
000000000000000011111111111110011111111111110011111111111110000000000001110000000000001110000000000001110000000000001110000000000001110000000000001110000000000001110000000000000110000000000000110000000000001110000000000000000

M
000000000000000011111111111110011111111111110011111111111110001111111111000000111111110000000001111111000000001111111000000001111111000000111111111000001111111111000011111111111110011111111111110011111111111110000000000000000
000000000000000011111111111110011111111111110011111111111110000111111110000000011111110000000001111110000000001111110000000011111110000001111111110000011111111110000011111111111110011111111111110011111111111110000000000000000
000000000000000011111111111110011111111111110011111111111110001111111110000000111111100000000001111110000000001111110000000001111110000000111111110000011111111110000011111111111110011111111111110011111111111110000000000000000
000000000000000011111111111110011111111111110011111111110000001111111100000000111111100000000011111110000000001111110000000001111110000000011111100000001111111110000011111111111000011111111111110011111111111110000000000000000
000000000000000011111111111110011111111111110011111111111110001111111110000000111111100000000011111110000000000111110000000001111110000000011111110000001111111110000011111111111100011111111111110011111111111110000000000000000

N
000000000000000011111111111110011111111111110011111111111110011111111100000001111110000000000111110000000000011111000000000001111100000000000111111000000000011111100000000011111110011111111111110011111111111110000000000000000
000000000000000011111111111110011111111111110011111111111110011111110000000001111100000000000111110000000000011111000000000001111100000000000111110000000000011111000000000111111110011111111111110011111111111110000000000000000
000000000000000011111111111110011111111111110011111111111110001111110000000000111110000000000011110000000000001111000000000000111100000000000011111000000000001111100000000011111110001111111111110001111111111110000000000000000
000000000000000001111111111110011111111111110011111111111110001111111111110001111111000000000111111000000000001111100000000000111110000000000011111000000000011111110001111111111110001111111111110001111111111110000000000000000
000000000000000011111111111110011111111111110011111111111000011111100000000001111100000000000011110000000000001111000000000000111100000000000111111000000000011111100011111111111110011111111111110011111111111110000000000000000

P
000000000000000011111111111110011111111111100011101110000000011001110000000011000110000000011000110000000011000110000000011000110000000011001110000000011101110000000011111100000000001111100000000001111000000000000000000000000
000000000000000011111111111110011111111111110011111111111110011001111001100011001110000000011000110000000011000110000000011001110000000011001110000000011101110000000011111110000000011111110000000001111100000000000000000000000
000000000000000011111111111110011111111111110011111111111110011000110000010011000110000000011000110000000011000110000000011000110000000011000110000000011001110000000001111100000000001111100000000000111000000000000000000000000
000000000000000011111111111110011111111111110011001111010110010000110000000010000110000000010000110000000010000110000000010000110000000011000110000000011101100000000011111100000000011111100000000001111000000000000000000000000
000000000000000011111111111110011111111111110011111111111110011100111011100011100110000000011100110000000011100110000000011100110000000011100110000000011111110000000001111100000000001111100000000000111000000000000000000000000

Q
000000000000000001111111111000011111111111100011111111111100011100000011110011000000001110011000000101110011000000111110011000000111110011000000111110011000000111110011111111111110011111111111110001111111111110000000000000000
000000000000000000011111111000001111111111000001111111111100001100000011100001100000001100011000000001100011000000010100011000000111100011000000111100001100000011100001110011111100001111111111110000111111111100000000000000000
000000000000000000111111111000001111111111100001111111111100011100000001110011000000001110011000000001110011000000111110011000000111110011000000111110011100000011110001111111111110001111111111110000111111111110000000000000000
000000000000000000011111111000000111111111100001111111111110001110000111110001100000001110011100000000110011000000000110011000000011110011100000011110001100000011110001110000011110001111111111110000111111111110000000000000000
000000000000000000111111110000001111111111000001111111111100001100000011100011000000001100011000000001100011000000010110011000000111110011000000111100011100000011100001111011111100001111111111110001111111111110000000000000000

R
000000000000000011111111111100011111111111100011111111111100011100110000000011000110000000011000110000000011000110000000011000111100000011100111110000011101111111000001111110111110001111100011110000111000000110000000000000000
000000000000000011111111111110011111111111110011111111111110011001111000000010001110000000010001110000000010001110000000010001111000000010001111100000011001111110000011101101111100011111100111110001111100011110000000000000000
000000000000000011111111111110011111111111110011000110000000011000110000000010000110000000011000111000000011000111000000011000111110000011000111111000011101111111100011111110011110001111100001110001111000000110000000000000000
000000000000000011111111111110011111111111110011100111000000011100110000000011100110000000011100111000000011100111100000011100111110000011100111111000011101111111110001111110011110001111110001110000111100000110000000000000000
000000000000000011111111111100011111111111110011111111111110011101111100000011100110000000011100110000000011100110000000011100111000000011100111110000011100111111000001111111111110001111100011110000111000001110000000000000000

S
000000000000000001111000011000001111100011100011111100001100011101100001110011000110001110011000110000110011000110000110011000110000110011000010000110011000011001110011100011001100011100011111100001100001111100000000000000000
000000000000000000011000000000001111100011100001111100011100011101110001110011000110001110011000110000110011000110000110011000010000110011000010000110011100011000110001100011101110001110011111100000100001111100000000000000000
000000000000000001111000111000011111100011100011111100011100011001100001100011001100001110011001110001110011000110001110011000110001110011000110001110011000111001100011100011111100011100011111100001100011111000000000000000000
000000000000000000111100011000001111100011100001111110001110001100110000110011100110000110011100010000110011100010000110011100011000110011100011100110001110011101110001110001111100000110001111100000000000111000000000000000000
000000000000000000111000011000001111100011100011111100011100011001100001100011000110000100011000110000110011000110000110011000010000100011000011001100011100011111100001100011111100000100001111000000000000100000000000000000000

T
000000000000000011000000000000011000000000000011100000000000011100000000000011100000000000011111111111110011111111111110011111111111110011111000101100011100000000000011100000000000011100000000000011000000000000000000000000000
000000000000000011000000000000011000000000000011000000000000011000000000000011111000000000011111111111100011111111111110011111111111110011100011111100011000000000000011000000000000011000000000000011000000000000000000000000000
000000000000000011000000000000011000000000000011000000000000011100000000000011111111110000011111111111110011111111111110011111111111110011111111111110011000000000000011000000000000011000000000000011000000000000000000000000000
000000000000000010000000000000010000000000000011000000000000011000000000000011000000000000011111111111110011111111111110011111111111110011111110110110011000000000000011000000000000010000000000000010000000000000000000000000000
000000000000000011000000000000011000000000000011000000000000011000000000000011100000000000011111111111100011111111111110011111111111110011111111111110011100000000000011000000000000011000000000000011000000000000000000000000000

U
000000000000000011111111111000011111111111100011111111111100000000000001110000000000001110000000000000110000000000000110000000000000110000000000000110000000000001110000000000001100011111111111100011111111111000000000000000000
000000000000000011111111111000011111110111100000000000001110000000000001110000000000000110000000000000110000000000000110000000000001110000000000001110000000000011110011111111111100011111111111000011111111111000000000000000000
000000000000000011111111111000011111111111100011111111111100000000000001100000000000001110000000000001110000000000001110000000000001110000000000001110000000000011100011111111111100011111111111100011111111111000000000000000000
000000000000000011111111110000011111111111000011111111111100000000000011100000000000001100000000000000100000000000000110000000000000110000000000000110000000000001100000000000001100011111111111100011111111111000000000000000000
000000000000000011111111111100011111111111110001111111111110000000000000110000000000000110000000000000010000000000000010000000000000110000000000000110000000000001110011111111111110011111111111100001111111111000000000000000000

W
000000000000000011111111000000011111111111110011111111111110000001111111100000111111111000001111111100000011111110000000001111111110000000011111111100000011111111110011111111111110011111111111110011111100000000000000000000000
000000000000000011111111111110011111111111110000001111111110000001111111110000111111111100011111111000000011111111000000011111111000000000111111111000000001111111110000011111111110011111111111110011111111111110000000000000000
000000000000000011111111100000011111111111110011111111111110000011111111110001111111111100011111111100000011111111000000011111111110000000111111111100000011111111110011111111111110011111111111110011111111000000000000000000000
000000000000000011111111100000011111111111110000111111111110000001111111110000011111111110011111111100000011111111100000011111111000000000111111111000000001111111110000011111111110011111111111110011111111111110000000000000000
000000000000000001100000000000001111111100000001111111111100000000111111110000001111111100000011111111000001111111000000001111111000000000111111100000000001111111000000001111111100001111111111110011111111111100000000000000000

X
000000000000000010000000000000011000000000010011100000001110011111000011110001111101111110000111111111000000011111110000000011111110000000011111111000001111101111100011111000111110011110000011110011100000000110000000000000000
000000000000000011000000000010011100000001110011110000011110001111000111110001111111111100000011111111000000011111110000000011111110000000111111111000011111101111110011110000011110011100000001110011000000000110000000000000000
000000000000000011000000000010011100000001110011110000011110001111000111110000111101111000000011111110000000011111110000000011111100000000111111110000001111101111000011111000111110011100000011110011000000000110000000000000000
000000000000000011000000000010011100000000110011110000011110001111000111100001111111111100000111111111000000011111100000000011111110000000111111110000001111101111000011111000111100011100000011110011000000001110000000000000000
000000000000000011000000000010011110000001110011110000011110001111100111110000111111111100000011111111000000011111110000000001111110000000011111111000000111111111100001111000111110011110000011110011100000000110000000000000000

Y
000000000000000011100000000000011111000000000011111100000000001111111000000000011111111110000011111111110000011111111110000111111111110001111100000000011111000000000011110000000000011100000000000010000000000000000000000000000
000000000000000011100000000000011110000000000011111100000000001111110000000000011111111110000001111111110000001111111110000011111111110000111110000000001111100000000011110000000000011100000000000011000000000000000000000000000
000000000000000010000000000000011100000000000011110000000000011111100000000001111110000000000011111111110000001111111110000011111111110000011111111110001111110000000011111000000000011110000000000011100000000000000000000000000
000000000000000011000000000000011100000000000011110000000000011111100000000001111110000000000111111111110000001111111110000011111111110000111111111000001111100000000011111000000000011110000000000011000000000000000000000000000
000000000000000011000000000000011100000000000011110000000000001111100000000000111100000000000011111111000000001111111110000011111111110000011111111110001111111011100011111100000000011110000000000011100000000000000000000000000

Z 
000000000000000010000000011110010000000111110010000001111110010000001111110010000011110110010000111100110010001111000110011011110000110011111100000110011111000000110011110000000110011110000000110011100000000110000000000000000
000000000000000011000000001110011000000011110011000000111110011000001111110011000011110010011000011100010011000111000010011001110000010011111100000010011111000000010011110000000010011100000000010011100000000010000000000000000
000000000000000011000000011110011000000111110011000001111110011000011111110011000111110110011001111100110011001111000110011111110000110011111100000110011111100000110011111000000110011110000000110011100000000110000000000000000
000000000000000011000000001110011000000011110011000000011110011000001111110011000001111110011000011110110011100111100110011101111000110011111110000110011111100000110011111000000110011110000000110011100000000110000000000000000
000000000000000011000000001110011000000011110011000000111110011000001111110011000011111110011000111101110011001111101110011111110001110011111100001110011111000001110011110000001110011110000001110011100000001110000000000000000
